[DAT]

PTH={
"res://The Amazing Art Folder/": Object(ImageTexture,"resource_local_to_scene":false,"resource_name":"","image":Object(Image,"resource_local_to_scene":false,"resource_name":"","data":{
"data": PackedByteArray(86, 103, 100, 1, 0, 26, 7, 6, 18, 86, 40, 0, 42, 173, 111, 2, 33, 172, 100, 60, 25, 175, 99, 160, 23, 174, 101, 225, 25, 166, 109, 244, 20, 163, 97, 240, 12, 164, 68, 215, 12, 162, 73, 148, 41, 176, 110, 48, 55, 188, 117, 0, 17, 77, 33, 0, 0, 9, 0, 5, 57, 65, 73, 1, 0, 25, 3, 6, 42, 113, 74, 2, 61, 180, 124, 23, 42, 169, 107, 130, 44, 170, 106, 230, 33, 177, 104, 246, 29, 178, 104, 247, 35, 161, 98, 252, 34, 161, 92, 252, 26, 176, 86, 245, 28, 172, 84, 238, 27, 153, 79, 215, 40, 162, 92, 117, 70, 183, 122, 14, 15, 72, 43, 0, 0, 0, 0, 2, 22, 83, 28, 0, 68, 179, 109, 22, 49, 194, 120, 164, 40, 171, 108, 254, 54, 162, 108, 255, 43, 171, 105, 255, 35, 169, 94, 255, 75, 169, 95, 255, 70, 169, 91, 255, 27, 171, 89, 255, 21, 161, 75, 254, 54, 164, 79, 255, 38, 158, 82, 252, 43, 171, 108, 155, 28, 129, 82, 15, 1, 50, 17, 0, 66, 179, 88, 2, 46, 174, 89, 130, 19, 171, 94, 254, 12, 163, 94, 253, 31, 164, 96, 249, 53, 151, 82, 253, 96, 162, 83, 254, 166, 210, 114, 255, 109, 185, 90, 255, 14, 162, 79, 254, 2, 153, 72, 253, 28, 161, 75, 248, 11, 148, 63, 253, 17, 157, 79, 255, 26, 151, 83, 124, 16, 133, 72, 0, 53, 174, 80, 60, 38, 171, 86, 232, 21, 169, 99, 255, 11, 176, 102, 249, 14, 168, 84, 252, 95, 150, 69, 255, 200, 184, 97, 254, 222, 212, 99, 255, 114, 161, 51, 255, 20, 154, 67, 254, 1, 157, 76, 255, 3, 154, 72, 252, 14, 165, 76, 246, 10, 160, 70, 255, 13, 153, 73, 230, 21, 155, 83, 53, 28, 156, 76, 160, 30, 162, 91, 246, 39, 176, 120, 255, 36, 173, 108, 253, 53, 162, 79, 255, 169, 181, 81, 255, 255, 198, 92, 255, 216, 173, 77, 255, 138, 138, 43, 255, 91, 150, 46, 255, 74, 164, 69, 255, 34, 140, 63, 255, 16, 146, 74, 250, 17, 159, 88, 253, 17, 153, 86, 246, 16, 148, 83, 156, 39, 171, 97, 225, 33, 164, 102, 247, 33, 160, 113, 255, 40, 145, 92, 254, 98, 161, 84, 254, 228, 215, 101, 255, 255, 199, 73, 255, 236, 180, 85, 255, 231, 193, 99, 255, 218, 200, 78, 255, 177, 191, 80, 255, 97, 153, 71, 255, 34, 142, 79, 254, 10, 150, 95, 255, 13, 146, 88, 247, 16, 142, 82, 223, 25, 168, 75, 244, 29, 166, 91, 252, 29, 153, 104, 255, 61, 150, 101, 255, 145, 186, 117, 255, 234, 223, 115, 255, 244, 200, 66, 255, 236, 194, 62, 255, 244, 198, 68, 255, 254, 199, 67, 255, 228, 201, 82, 255, 144, 171, 72, 255, 41, 148, 68, 254, 0, 153, 85, 255, 6, 148, 83, 252, 17, 141, 76, 244, 24, 165, 69, 240, 24, 165, 83, 252, 26, 159, 97, 255, 69, 151, 94, 255, 164, 182, 111, 255, 234, 221, 107, 255, 237, 204, 59, 255, 237, 194, 49, 255, 247, 190, 48, 255, 255, 188, 51, 255, 219, 185, 66, 255, 121, 154, 61, 255, 30, 141, 63, 254, 0, 149, 77, 255, 7, 148, 79, 252, 14, 141, 73, 240, 29, 159, 77, 215, 23, 166, 86, 245, 15, 164, 87, 255, 72, 154, 79, 254, 180, 179, 94, 254, 244, 223, 93, 255, 240, 208, 53, 255, 246, 192, 56, 255, 255, 187, 59, 255, 255, 194, 57, 255, 197, 187, 78, 255, 71, 143, 75, 254, 15, 133, 77, 254, 6, 144, 83, 255, 8, 146, 78, 245, 6, 141, 70, 214, 34, 166, 94, 147, 24, 164, 89, 238, 26, 168, 86, 254, 58, 151, 64, 253, 149, 178, 79, 255, 218, 222, 90, 255, 218, 204, 57, 255, 222, 184, 67, 255, 229, 180, 70, 255, 231, 191, 68, 255, 156, 180, 85, 255, 28, 130, 78, 255, 7, 134, 83, 250, 22, 148, 83, 253, 9, 138, 70, 238, 0, 131, 61, 144, 48, 182, 115, 47, 17, 153, 80, 215, 32, 165, 85, 255, 26, 140, 48, 248, 64, 148, 42, 252, 131, 181, 59, 255, 151, 172, 51, 255, 149, 156, 59, 255, 151, 153, 63, 255, 153, 160, 63, 254, 93, 152, 76, 255, 3, 128, 81, 251, 2, 138, 80, 244, 20, 145, 69, 255, 3, 126, 54, 214, 8, 128, 62, 41, 68, 194, 130, 0, 40, 177, 105, 115, 4, 159, 74, 252, 14, 157, 69, 254, 29, 150, 63, 246, 33, 139, 48, 250, 48, 142, 55, 254, 54, 136, 60, 254, 57, 130, 63, 254, 58, 130, 67, 254, 42, 138, 82, 250, 16, 146, 91, 244, 1, 147, 61, 253, 1, 142, 38, 253, 16, 137, 58, 109, 24, 138, 75, 0, 25, 86, 42, 0, 64, 186, 123, 14, 21, 186, 103, 155, 0, 157, 76, 255, 8, 145, 74, 255, 1, 146, 79, 253, 0, 141, 78, 255, 0, 134, 73, 255, 4, 128, 74, 255, 8, 123, 82, 255, 6, 124, 77, 253, 5, 132, 67, 255, 0, 141, 40, 253, 2, 142, 29, 146, 31, 138, 63, 6, 8, 56, 21, 0, 0, 4, 0, 4, 10, 77, 45, 0, 25, 146, 84, 15, 23, 163, 89, 123, 5, 149, 73, 230, 10, 149, 83, 246, 8, 140, 81, 247, 6, 135, 75, 252, 11, 133, 75, 252, 15, 131, 79, 245, 11, 129, 73, 238, 4, 127, 60, 214, 23, 139, 63, 109, 46, 142, 71, 6, 13, 50, 19, 0, 0, 0, 0, 2, 57, 57, 61, 1, 0, 1, 0, 2, 2, 52, 18, 0, 15, 148, 74, 0, 14, 160, 79, 53, 16, 147, 78, 156, 18, 135, 75, 223, 16, 132, 71, 244, 17, 133, 69, 240, 20, 133, 69, 214, 14, 132, 67, 144, 7, 128, 62, 41, 21, 125, 65, 0, 13, 56, 21, 0, 0, 1, 0, 2, 9, 0, 15, 1),
"format": "RGBA8",
"height": 16,
"mipmaps": false,
"width": 16
},"script":null)
,"script":null,"metadata/path":"res://addons/fancy_folder_icons/user/10.png")
,
"res://The Amazing Art Folder/raw/": Object(ImageTexture,"resource_local_to_scene":false,"resource_name":"","image":Object(Image,"resource_local_to_scene":false,"resource_name":"","data":{
"data": PackedByteArray(211, 86, 87, 185, 222, 80, 87, 232, 237, 73, 87, 240, 237, 73, 87, 232, 232, 75, 87, 234, 232, 74, 86, 234, 231, 72, 85, 233, 232, 70, 84, 233, 232, 68, 82, 234, 233, 66, 81, 233, 230, 68, 80, 234, 228, 69, 79, 234, 231, 67, 79, 231, 238, 65, 80, 240, 230, 55, 69, 231, 227, 52, 66, 182, 222, 80, 87, 233, 224, 79, 87, 250, 229, 77, 87, 253, 236, 74, 87, 250, 241, 71, 88, 251, 241, 70, 87, 252, 238, 69, 85, 252, 232, 70, 84, 252, 232, 68, 82, 252, 235, 64, 81, 252, 239, 64, 81, 252, 239, 64, 79, 251, 238, 63, 78, 250, 237, 61, 78, 253, 239, 63, 77, 250, 239, 63, 77, 231, 237, 73, 87, 242, 229, 77, 87, 253, 221, 81, 87, 255, 235, 74, 87, 255, 250, 64, 86, 255, 249, 65, 87, 255, 245, 66, 86, 255, 236, 67, 84, 255, 232, 68, 82, 255, 239, 66, 83, 255, 245, 59, 80, 255, 252, 57, 79, 255, 248, 58, 78, 255, 242, 62, 80, 255, 236, 59, 74, 255, 234, 58, 72, 241, 237, 73, 87, 234, 236, 74, 87, 251, 235, 74, 87, 255, 237, 75, 89, 254, 246, 76, 91, 254, 247, 72, 87, 253, 241, 66, 83, 254, 250, 61, 84, 254, 244, 62, 83, 254, 216, 63, 74, 255, 234, 72, 84, 254, 244, 61, 77, 253, 243, 61, 79, 253, 239, 58, 76, 255, 230, 52, 67, 251, 226, 51, 65, 233, 232, 75, 87, 235, 241, 71, 88, 252, 250, 64, 86, 255, 246, 76, 91, 254, 252, 141, 146, 254, 255, 174, 175, 255, 230, 96, 101, 254, 246, 51, 75, 255, 236, 50, 73, 254, 205, 84, 83, 254, 250, 156, 154, 254, 250, 134, 141, 254, 235, 60, 75, 254, 235, 51, 70, 255, 235, 57, 71, 251, 227, 52, 66, 234, 232, 74, 86, 235, 241, 70, 87, 251, 249, 65, 87, 255, 247, 72, 87, 253, 255, 174, 175, 254, 255, 255, 247, 255, 227, 182, 158, 255, 202, 79, 78, 254, 218, 87, 89, 254, 248, 186, 169, 255, 255, 244, 233, 255, 255, 160, 169, 255, 242, 47, 66, 253, 248, 51, 74, 255, 241, 57, 74, 252, 226, 52, 65, 235, 233, 71, 85, 234, 238, 69, 85, 251, 245, 66, 86, 255, 239, 66, 84, 254, 229, 96, 102, 254, 227, 181, 157, 255, 247, 247, 209, 255, 244, 204, 180, 255, 248, 200, 180, 255, 255, 244, 217, 255, 250, 174, 165, 255, 227, 55, 71, 254, 242, 40, 65, 254, 243, 47, 70, 255, 233, 49, 66, 252, 229, 51, 66, 234, 233, 69, 84, 235, 234, 69, 84, 253, 235, 67, 83, 255, 249, 67, 88, 254, 244, 60, 81, 255, 211, 87, 86, 254, 247, 203, 182, 255, 255, 255, 227, 255, 255, 248, 216, 255, 244, 194, 173, 255, 211, 71, 75, 254, 245, 30, 58, 255, 227, 27, 52, 254, 217, 50, 63, 255, 230, 54, 69, 252, 234, 47, 64, 233, 230, 69, 82, 235, 232, 68, 82, 252, 232, 68, 82, 255, 245, 64, 83, 254, 248, 62, 83, 254, 223, 94, 95, 254, 247, 202, 182, 255, 255, 252, 220, 255, 255, 249, 215, 255, 241, 188, 167, 255, 209, 71, 74, 254, 254, 50, 76, 255, 239, 49, 71, 254, 210, 46, 59, 255, 226, 47, 62, 252, 237, 46, 64, 234, 228, 69, 81, 235, 230, 67, 81, 251, 237, 67, 84, 255, 222, 55, 70, 255, 233, 95, 103, 254, 250, 186, 169, 255, 254, 250, 218, 255, 247, 207, 183, 255, 243, 192, 171, 255, 255, 234, 209, 255, 249, 170, 160, 255, 217, 67, 76, 254, 224, 43, 60, 253, 230, 48, 66, 255, 233, 45, 63, 252, 236, 46, 64, 233, 228, 69, 80, 235, 236, 65, 81, 252, 243, 61, 81, 255, 237, 67, 80, 254, 249, 167, 168, 254, 255, 245, 234, 255, 255, 182, 170, 255, 216, 81, 85, 254, 213, 75, 79, 254, 249, 172, 162, 255, 255, 252, 245, 255, 253, 161, 165, 255, 234, 50, 63, 253, 236, 46, 67, 255, 236, 45, 64, 252, 234, 45, 62, 235, 231, 67, 79, 236, 242, 62, 79, 252, 255, 55, 79, 255, 234, 65, 77, 253, 243, 139, 138, 254, 255, 164, 173, 255, 240, 55, 77, 254, 246, 23, 57, 255, 252, 46, 74, 255, 214, 63, 75, 254, 251, 158, 164, 254, 245, 124, 131, 254, 230, 51, 66, 253, 240, 49, 70, 255, 235, 45, 64, 252, 232, 42, 61, 235, 233, 66, 79, 232, 240, 62, 79, 251, 250, 57, 79, 255, 239, 62, 79, 253, 231, 64, 75, 254, 241, 46, 66, 253, 244, 35, 62, 254, 230, 25, 53, 254, 239, 49, 73, 254, 224, 45, 64, 252, 230, 48, 63, 254, 225, 47, 61, 254, 238, 57, 75, 252, 243, 52, 73, 255, 234, 43, 62, 251, 231, 41, 60, 232, 237, 66, 80, 240, 236, 63, 78, 254, 241, 63, 80, 255, 241, 54, 74, 255, 242, 48, 71, 255, 247, 52, 74, 255, 237, 51, 70, 255, 219, 53, 69, 255, 213, 49, 64, 255, 233, 52, 72, 255, 232, 44, 66, 255, 235, 45, 66, 255, 225, 35, 55, 254, 224, 34, 55, 255, 234, 44, 63, 254, 232, 42, 60, 240, 227, 52, 66, 232, 238, 63, 76, 250, 240, 65, 78, 255, 236, 55, 72, 251, 236, 51, 70, 251, 239, 55, 74, 252, 229, 49, 67, 252, 229, 53, 70, 252, 226, 46, 63, 252, 232, 44, 65, 252, 235, 43, 65, 252, 236, 44, 66, 252, 229, 39, 60, 251, 230, 39, 61, 254, 232, 44, 64, 249, 232, 43, 63, 232, 224, 49, 62, 183, 238, 62, 76, 233, 240, 65, 78, 243, 233, 57, 72, 234, 226, 51, 68, 235, 227, 52, 68, 236, 229, 51, 68, 235, 234, 46, 66, 235, 236, 44, 65, 235, 235, 44, 65, 235, 234, 44, 64, 236, 232, 42, 63, 236, 234, 44, 65, 232, 235, 45, 66, 241, 221, 33, 53, 233, 218, 30, 50, 180),
"format": "RGBA8",
"height": 16,
"mipmaps": false,
"width": 16
},"script":null)
,"script":null,"metadata/path":"res://addons/fancy_folder_icons/user/11.png")
,
"res://addons/": Object(ImageTexture,"resource_local_to_scene":false,"resource_name":"","image":Object(Image,"resource_local_to_scene":false,"resource_name":"","data":{
"data": PackedByteArray(228, 88, 94, 187, 228, 88, 94, 232, 227, 86, 93, 240, 233, 80, 91, 232, 240, 73, 88, 234, 239, 71, 87, 234, 236, 70, 85, 233, 238, 67, 84, 233, 240, 64, 82, 234, 244, 60, 81, 233, 242, 61, 80, 234, 240, 63, 79, 234, 245, 59, 78, 231, 249, 56, 78, 239, 246, 57, 76, 232, 243, 58, 75, 184, 228, 88, 94, 233, 229, 86, 94, 250, 232, 83, 93, 253, 240, 77, 91, 250, 247, 71, 89, 251, 243, 70, 87, 252, 238, 69, 85, 252, 237, 67, 84, 252, 240, 64, 82, 252, 245, 59, 81, 252, 247, 60, 81, 252, 248, 59, 79, 251, 249, 57, 78, 250, 249, 56, 78, 253, 245, 57, 75, 250, 243, 58, 75, 232, 229, 87, 94, 242, 233, 84, 94, 254, 243, 78, 93, 255, 250, 71, 90, 255, 252, 66, 87, 255, 245, 67, 87, 255, 241, 68, 86, 255, 239, 66, 83, 255, 239, 63, 81, 255, 244, 62, 82, 255, 249, 56, 80, 255, 255, 54, 80, 255, 254, 54, 78, 255, 248, 59, 79, 255, 243, 57, 75, 253, 241, 56, 73, 241, 237, 83, 94, 234, 243, 80, 94, 252, 251, 72, 92, 255, 243, 77, 93, 255, 238, 83, 93, 255, 243, 74, 87, 255, 243, 64, 83, 255, 252, 63, 88, 255, 248, 66, 87, 255, 221, 68, 79, 255, 238, 75, 87, 255, 244, 60, 76, 255, 243, 60, 79, 254, 239, 55, 74, 255, 239, 55, 72, 251, 241, 55, 72, 234, 246, 79, 94, 235, 253, 74, 94, 251, 254, 66, 89, 255, 238, 83, 93, 255, 242, 155, 151, 255, 255, 177, 177, 255, 240, 89, 101, 255, 250, 57, 83, 255, 237, 64, 82, 255, 208, 97, 93, 255, 251, 165, 160, 255, 249, 136, 140, 255, 231, 63, 75, 253, 230, 54, 70, 255, 239, 55, 72, 252, 240, 53, 70, 235, 248, 77, 94, 236, 249, 72, 90, 252, 247, 66, 86, 255, 244, 73, 87, 255, 255, 178, 178, 255, 255, 255, 251, 255, 227, 184, 159, 255, 196, 83, 78, 255, 204, 95, 89, 255, 238, 192, 168, 255, 255, 252, 235, 255, 255, 170, 173, 255, 230, 52, 66, 254, 236, 57, 74, 255, 242, 56, 74, 252, 238, 51, 68, 234, 244, 72, 89, 235, 242, 68, 86, 252, 241, 68, 86, 255, 244, 64, 84, 255, 241, 91, 103, 255, 227, 185, 160, 255, 244, 255, 214, 255, 241, 204, 180, 255, 245, 199, 179, 255, 255, 244, 212, 255, 244, 180, 161, 255, 220, 66, 72, 255, 231, 46, 63, 254, 235, 51, 69, 255, 236, 48, 66, 252, 238, 50, 69, 234, 242, 66, 85, 235, 237, 66, 82, 252, 234, 68, 83, 255, 251, 66, 89, 255, 238, 45, 69, 255, 203, 89, 85, 255, 248, 206, 183, 255, 255, 252, 245, 255, 255, 243, 234, 255, 244, 195, 174, 255, 205, 75, 66, 255, 245, 35, 48, 255, 234, 27, 43, 254, 229, 45, 57, 255, 237, 52, 67, 252, 238, 49, 65, 234, 240, 65, 84, 235, 237, 64, 81, 252, 238, 64, 82, 255, 248, 63, 84, 255, 229, 52, 71, 255, 210, 99, 94, 255, 248, 202, 182, 255, 255, 244, 236, 255, 255, 241, 233, 255, 240, 188, 172, 255, 203, 75, 71, 255, 251, 56, 68, 255, 246, 48, 59, 254, 227, 40, 47, 255, 234, 46, 58, 252, 238, 48, 65, 234, 236, 68, 84, 235, 241, 61, 81, 252, 253, 60, 84, 255, 226, 54, 71, 255, 211, 90, 90, 255, 238, 193, 169, 255, 255, 252, 216, 255, 247, 208, 185, 255, 243, 195, 179, 255, 255, 240, 221, 255, 239, 179, 171, 255, 206, 74, 82, 255, 220, 48, 54, 254, 235, 48, 51, 255, 237, 47, 58, 252, 238, 49, 65, 234, 242, 65, 83, 236, 249, 59, 81, 252, 254, 56, 81, 255, 236, 67, 80, 255, 246, 163, 160, 255, 255, 249, 233, 255, 246, 183, 163, 255, 211, 82, 73, 255, 204, 79, 74, 255, 239, 178, 170, 255, 255, 255, 255, 255, 250, 174, 184, 255, 221, 54, 64, 254, 230, 42, 49, 255, 236, 44, 58, 252, 234, 44, 61, 234, 251, 60, 81, 237, 253, 57, 79, 252, 252, 57, 79, 255, 234, 66, 77, 255, 245, 138, 139, 255, 255, 166, 171, 255, 224, 59, 69, 255, 238, 24, 38, 255, 243, 46, 58, 255, 197, 66, 73, 255, 243, 164, 173, 255, 244, 142, 158, 254, 219, 51, 70, 254, 230, 37, 57, 255, 232, 37, 55, 252, 226, 34, 51, 235, 250, 61, 82, 233, 251, 57, 79, 251, 252, 57, 79, 255, 239, 62, 79, 254, 230, 64, 75, 253, 233, 52, 66, 254, 234, 43, 61, 254, 234, 25, 42, 254, 248, 48, 58, 254, 219, 49, 54, 254, 219, 53, 62, 254, 217, 49, 68, 254, 240, 53, 90, 252, 254, 45, 90, 254, 233, 33, 61, 251, 227, 35, 52, 233, 248, 61, 81, 240, 247, 58, 78, 253, 252, 58, 80, 255, 245, 55, 76, 255, 235, 52, 71, 255, 237, 56, 74, 255, 233, 53, 69, 255, 230, 49, 61, 255, 228, 45, 50, 255, 238, 53, 55, 255, 234, 45, 53, 255, 222, 30, 50, 255, 237, 28, 73, 254, 255, 36, 94, 255, 237, 35, 69, 254, 226, 35, 51, 240, 247, 58, 76, 234, 245, 55, 75, 251, 244, 54, 73, 253, 240, 50, 69, 251, 240, 50, 70, 252, 240, 54, 72, 252, 234, 48, 66, 252, 236, 52, 67, 252, 230, 44, 55, 252, 233, 44, 54, 252, 234, 44, 57, 252, 233, 41, 58, 252, 234, 35, 63, 251, 240, 37, 72, 253, 233, 37, 60, 250, 226, 34, 51, 232, 245, 55, 74, 184, 242, 52, 70, 234, 242, 53, 71, 242, 242, 52, 71, 234, 237, 47, 66, 235, 237, 47, 66, 235, 238, 48, 67, 235, 237, 47, 64, 235, 233, 44, 60, 235, 233, 44, 60, 235, 233, 44, 60, 235, 233, 44, 60, 236, 233, 44, 59, 234, 231, 43, 58, 242, 229, 38, 54, 234, 226, 34, 51, 182),
"format": "RGBA8",
"height": 16,
"mipmaps": false,
"width": 16
},"script":null)
,"script":null,"metadata/path":"res://addons/fancy_folder_icons/user/12.png")
,
"res://assets/": Object(ImageTexture,"resource_local_to_scene":false,"resource_name":"","image":Object(Image,"resource_local_to_scene":false,"resource_name":"","data":{
"data": PackedByteArray(86, 103, 100, 1, 0, 26, 7, 6, 18, 86, 40, 0, 42, 173, 111, 2, 33, 172, 100, 60, 25, 175, 99, 160, 23, 174, 101, 225, 25, 166, 109, 244, 20, 163, 97, 240, 12, 164, 68, 215, 12, 162, 73, 148, 41, 176, 110, 48, 55, 188, 117, 0, 17, 77, 33, 0, 0, 9, 0, 5, 57, 65, 73, 1, 0, 25, 3, 6, 42, 113, 74, 2, 61, 180, 124, 23, 42, 169, 107, 130, 44, 170, 106, 230, 33, 177, 104, 246, 29, 178, 104, 247, 35, 161, 98, 252, 34, 161, 92, 252, 26, 176, 86, 245, 28, 172, 84, 238, 27, 153, 79, 215, 40, 162, 92, 117, 70, 183, 122, 14, 15, 72, 43, 0, 0, 0, 0, 2, 22, 83, 28, 0, 68, 179, 109, 22, 49, 194, 120, 164, 40, 171, 108, 254, 54, 162, 108, 255, 43, 171, 105, 255, 35, 169, 94, 255, 75, 169, 95, 255, 70, 169, 91, 255, 27, 171, 89, 255, 21, 161, 75, 254, 54, 164, 79, 255, 38, 158, 82, 252, 43, 171, 108, 155, 28, 129, 82, 15, 1, 50, 17, 0, 66, 179, 88, 2, 46, 174, 89, 130, 19, 171, 94, 254, 12, 163, 94, 253, 31, 164, 96, 249, 53, 151, 82, 253, 96, 162, 83, 254, 166, 210, 114, 255, 109, 185, 90, 255, 14, 162, 79, 254, 2, 153, 72, 253, 28, 161, 75, 248, 11, 148, 63, 253, 17, 157, 79, 255, 26, 151, 83, 124, 16, 133, 72, 0, 53, 174, 80, 60, 38, 171, 86, 232, 21, 169, 99, 255, 11, 176, 102, 249, 14, 168, 84, 252, 95, 150, 69, 255, 200, 184, 97, 254, 222, 212, 99, 255, 114, 161, 51, 255, 20, 154, 67, 254, 1, 157, 76, 255, 3, 154, 72, 252, 14, 165, 76, 246, 10, 160, 70, 255, 13, 153, 73, 230, 21, 155, 83, 53, 28, 156, 76, 160, 30, 162, 91, 246, 39, 176, 120, 255, 36, 173, 108, 253, 53, 162, 79, 255, 169, 181, 81, 255, 255, 198, 92, 255, 216, 173, 77, 255, 138, 138, 43, 255, 91, 150, 46, 255, 74, 164, 69, 255, 34, 140, 63, 255, 16, 146, 74, 250, 17, 159, 88, 253, 17, 153, 86, 246, 16, 148, 83, 156, 39, 171, 97, 225, 33, 164, 102, 247, 33, 160, 113, 255, 40, 145, 92, 254, 98, 161, 84, 254, 228, 215, 101, 255, 255, 199, 73, 255, 236, 180, 85, 255, 231, 193, 99, 255, 218, 200, 78, 255, 177, 191, 80, 255, 97, 153, 71, 255, 34, 142, 79, 254, 10, 150, 95, 255, 13, 146, 88, 247, 16, 142, 82, 223, 25, 168, 75, 244, 29, 166, 91, 252, 29, 153, 104, 255, 61, 150, 101, 255, 145, 186, 117, 255, 234, 223, 115, 255, 244, 200, 66, 255, 236, 194, 62, 255, 244, 198, 68, 255, 254, 199, 67, 255, 228, 201, 82, 255, 144, 171, 72, 255, 41, 148, 68, 254, 0, 153, 85, 255, 6, 148, 83, 252, 17, 141, 76, 244, 24, 165, 69, 240, 24, 165, 83, 252, 26, 159, 97, 255, 69, 151, 94, 255, 164, 182, 111, 255, 234, 221, 107, 255, 237, 204, 59, 255, 237, 194, 49, 255, 247, 190, 48, 255, 255, 188, 51, 255, 219, 185, 66, 255, 121, 154, 61, 255, 30, 141, 63, 254, 0, 149, 77, 255, 7, 148, 79, 252, 14, 141, 73, 240, 29, 159, 77, 215, 23, 166, 86, 245, 15, 164, 87, 255, 72, 154, 79, 254, 180, 179, 94, 254, 244, 223, 93, 255, 240, 208, 53, 255, 246, 192, 56, 255, 255, 187, 59, 255, 255, 194, 57, 255, 197, 187, 78, 255, 71, 143, 75, 254, 15, 133, 77, 254, 6, 144, 83, 255, 8, 146, 78, 245, 6, 141, 70, 214, 34, 166, 94, 147, 24, 164, 89, 238, 26, 168, 86, 254, 58, 151, 64, 253, 149, 178, 79, 255, 218, 222, 90, 255, 218, 204, 57, 255, 222, 184, 67, 255, 229, 180, 70, 255, 231, 191, 68, 255, 156, 180, 85, 255, 28, 130, 78, 255, 7, 134, 83, 250, 22, 148, 83, 253, 9, 138, 70, 238, 0, 131, 61, 144, 48, 182, 115, 47, 17, 153, 80, 215, 32, 165, 85, 255, 26, 140, 48, 248, 64, 148, 42, 252, 131, 181, 59, 255, 151, 172, 51, 255, 149, 156, 59, 255, 151, 153, 63, 255, 153, 160, 63, 254, 93, 152, 76, 255, 3, 128, 81, 251, 2, 138, 80, 244, 20, 145, 69, 255, 3, 126, 54, 214, 8, 128, 62, 41, 68, 194, 130, 0, 40, 177, 105, 115, 4, 159, 74, 252, 14, 157, 69, 254, 29, 150, 63, 246, 33, 139, 48, 250, 48, 142, 55, 254, 54, 136, 60, 254, 57, 130, 63, 254, 58, 130, 67, 254, 42, 138, 82, 250, 16, 146, 91, 244, 1, 147, 61, 253, 1, 142, 38, 253, 16, 137, 58, 109, 24, 138, 75, 0, 25, 86, 42, 0, 64, 186, 123, 14, 21, 186, 103, 155, 0, 157, 76, 255, 8, 145, 74, 255, 1, 146, 79, 253, 0, 141, 78, 255, 0, 134, 73, 255, 4, 128, 74, 255, 8, 123, 82, 255, 6, 124, 77, 253, 5, 132, 67, 255, 0, 141, 40, 253, 2, 142, 29, 146, 31, 138, 63, 6, 8, 56, 21, 0, 0, 4, 0, 4, 10, 77, 45, 0, 25, 146, 84, 15, 23, 163, 89, 123, 5, 149, 73, 230, 10, 149, 83, 246, 8, 140, 81, 247, 6, 135, 75, 252, 11, 133, 75, 252, 15, 131, 79, 245, 11, 129, 73, 238, 4, 127, 60, 214, 23, 139, 63, 109, 46, 142, 71, 6, 13, 50, 19, 0, 0, 0, 0, 2, 57, 57, 61, 1, 0, 1, 0, 2, 2, 52, 18, 0, 15, 148, 74, 0, 14, 160, 79, 53, 16, 147, 78, 156, 18, 135, 75, 223, 16, 132, 71, 244, 17, 133, 69, 240, 20, 133, 69, 214, 14, 132, 67, 144, 7, 128, 62, 41, 21, 125, 65, 0, 13, 56, 21, 0, 0, 1, 0, 2, 9, 0, 15, 1),
"format": "RGBA8",
"height": 16,
"mipmaps": false,
"width": 16
},"script":null)
,"script":null,"metadata/path":"res://addons/fancy_folder_icons/user/13.png")
,
"res://assets/misc/kenney_input-prompts/": Object(ImageTexture,"resource_local_to_scene":false,"resource_name":"","image":Object(Image,"resource_local_to_scene":false,"resource_name":"","data":{
"data": PackedByteArray(218, 93, 94, 187, 228, 87, 94, 232, 242, 78, 93, 240, 240, 77, 91, 232, 233, 77, 88, 234, 233, 75, 87, 234, 237, 72, 87, 233, 246, 68, 87, 233, 250, 66, 87, 234, 244, 67, 86, 233, 244, 66, 84, 234, 245, 63, 81, 234, 246, 59, 79, 231, 247, 57, 78, 239, 246, 56, 76, 232, 246, 56, 75, 184, 229, 87, 94, 233, 230, 86, 94, 250, 235, 82, 93, 253, 240, 76, 91, 250, 242, 73, 89, 251, 241, 72, 88, 252, 242, 69, 87, 252, 246, 68, 87, 252, 247, 67, 87, 252, 245, 66, 86, 252, 250, 63, 85, 252, 253, 59, 81, 251, 250, 57, 78, 250, 247, 57, 78, 253, 246, 56, 75, 250, 246, 56, 75, 232, 244, 80, 94, 242, 236, 84, 94, 254, 226, 86, 93, 255, 239, 78, 91, 255, 252, 66, 87, 255, 250, 64, 86, 255, 250, 68, 89, 255, 244, 69, 87, 255, 244, 70, 87, 255, 248, 70, 89, 255, 252, 60, 85, 255, 255, 55, 82, 255, 254, 54, 78, 255, 248, 59, 79, 255, 245, 56, 75, 253, 244, 54, 73, 241, 244, 80, 94, 234, 243, 80, 94, 252, 240, 79, 93, 255, 239, 76, 90, 255, 246, 78, 93, 255, 251, 79, 94, 255, 238, 64, 81, 255, 251, 68, 89, 255, 249, 66, 87, 255, 226, 57, 73, 255, 239, 69, 83, 255, 237, 68, 80, 255, 239, 63, 79, 254, 243, 53, 74, 255, 243, 53, 72, 251, 244, 54, 72, 234, 239, 82, 94, 235, 247, 78, 94, 251, 253, 67, 89, 255, 245, 78, 93, 255, 252, 146, 151, 255, 255, 176, 177, 255, 228, 95, 100, 255, 242, 63, 82, 255, 245, 65, 84, 255, 229, 99, 104, 255, 248, 173, 170, 255, 240, 145, 140, 255, 224, 67, 74, 253, 239, 49, 70, 255, 245, 53, 72, 252, 242, 52, 70, 235, 239, 81, 94, 236, 244, 74, 90, 252, 248, 63, 85, 255, 251, 79, 94, 255, 255, 178, 178, 255, 255, 255, 237, 255, 235, 190, 166, 255, 202, 90, 87, 255, 207, 96, 94, 255, 239, 190, 167, 255, 255, 249, 233, 255, 255, 172, 176, 255, 235, 53, 67, 254, 239, 55, 73, 255, 244, 55, 73, 252, 239, 50, 67, 234, 238, 74, 89, 235, 241, 69, 86, 252, 246, 67, 86, 255, 236, 63, 81, 255, 231, 97, 103, 255, 236, 191, 167, 255, 250, 250, 210, 255, 244, 197, 174, 255, 244, 197, 174, 255, 250, 246, 206, 255, 247, 181, 163, 255, 234, 63, 83, 255, 237, 43, 68, 254, 232, 52, 70, 255, 233, 48, 65, 252, 239, 50, 66, 234, 246, 65, 85, 235, 241, 64, 82, 252, 237, 67, 84, 255, 250, 65, 87, 255, 235, 49, 70, 255, 209, 95, 93, 255, 249, 201, 176, 255, 255, 245, 217, 255, 255, 241, 210, 255, 245, 201, 169, 255, 206, 77, 76, 255, 245, 25, 62, 255, 235, 25, 58, 254, 233, 55, 72, 255, 238, 53, 71, 252, 237, 48, 64, 234, 245, 63, 84, 235, 241, 62, 81, 252, 238, 65, 82, 255, 247, 62, 84, 255, 231, 54, 72, 255, 216, 102, 100, 255, 249, 200, 177, 255, 255, 240, 209, 255, 255, 241, 209, 255, 241, 192, 168, 255, 204, 75, 75, 255, 247, 48, 74, 255, 246, 49, 75, 254, 231, 51, 69, 255, 232, 47, 64, 252, 237, 48, 64, 234, 237, 67, 84, 235, 242, 60, 81, 252, 253, 60, 84, 255, 225, 53, 70, 255, 212, 91, 91, 255, 243, 198, 173, 255, 255, 248, 210, 255, 245, 199, 169, 255, 242, 192, 168, 255, 255, 240, 221, 255, 242, 181, 166, 255, 201, 72, 62, 255, 219, 50, 60, 254, 243, 56, 82, 255, 234, 46, 65, 252, 237, 48, 63, 234, 242, 65, 83, 236, 249, 59, 81, 252, 254, 56, 81, 255, 235, 66, 79, 255, 246, 163, 159, 255, 255, 250, 235, 255, 248, 181, 164, 255, 210, 78, 77, 255, 203, 75, 74, 255, 244, 184, 169, 255, 255, 255, 243, 255, 249, 170, 162, 255, 222, 56, 66, 254, 242, 52, 76, 255, 237, 45, 65, 252, 234, 45, 60, 234, 251, 60, 81, 237, 253, 57, 79, 252, 252, 57, 79, 255, 234, 65, 77, 255, 246, 138, 138, 255, 255, 165, 172, 255, 225, 59, 77, 255, 247, 31, 66, 255, 244, 44, 69, 255, 213, 84, 73, 255, 242, 163, 155, 255, 241, 136, 150, 254, 221, 54, 72, 254, 240, 49, 64, 255, 236, 45, 61, 252, 228, 39, 55, 235, 249, 59, 80, 233, 250, 57, 79, 251, 252, 56, 78, 255, 238, 62, 79, 254, 229, 65, 75, 253, 233, 52, 67, 254, 233, 41, 65, 254, 241, 31, 64, 254, 248, 44, 72, 254, 232, 61, 71, 254, 219, 54, 64, 254, 217, 53, 70, 254, 241, 57, 79, 252, 255, 49, 73, 254, 236, 40, 60, 251, 229, 40, 56, 233, 246, 59, 79, 240, 246, 58, 78, 253, 251, 57, 79, 255, 242, 53, 74, 255, 233, 52, 71, 255, 236, 57, 74, 255, 232, 53, 71, 255, 239, 57, 75, 255, 227, 42, 62, 255, 251, 63, 90, 255, 238, 49, 72, 255, 234, 44, 59, 255, 238, 35, 58, 254, 245, 33, 63, 255, 236, 38, 60, 254, 230, 41, 57, 240, 248, 59, 77, 234, 246, 56, 75, 251, 246, 55, 75, 253, 243, 53, 72, 251, 243, 55, 73, 252, 241, 55, 73, 252, 231, 46, 63, 252, 236, 51, 68, 252, 230, 43, 61, 252, 234, 43, 64, 252, 235, 44, 63, 252, 233, 41, 56, 252, 229, 32, 52, 251, 233, 36, 58, 253, 232, 40, 58, 250, 230, 41, 57, 232, 247, 58, 76, 184, 245, 55, 74, 234, 243, 53, 71, 242, 243, 54, 72, 234, 239, 49, 68, 235, 237, 47, 65, 235, 236, 46, 62, 235, 231, 42, 58, 235, 232, 43, 59, 235, 231, 42, 58, 235, 229, 39, 55, 235, 228, 37, 54, 236, 230, 40, 56, 234, 230, 42, 57, 242, 230, 41, 57, 234, 230, 41, 57, 182),
"format": "RGBA8",
"height": 16,
"mipmaps": false,
"width": 16
},"script":null)
,"script":null,"metadata/path":"res://addons/fancy_folder_icons/user/14.png")
,
"res://assets/scenes": Object(ImageTexture,"resource_local_to_scene":false,"resource_name":"","image":Object(Image,"resource_local_to_scene":false,"resource_name":"","data":{
"data": PackedByteArray(89, 89, 86, 0, 84, 89, 101, 0, 80, 94, 122, 0, 74, 89, 96, 0, 36, 45, 20, 5, 92, 83, 48, 0, 84, 43, 14, 15, 212, 120, 4, 183, 225, 142, 23, 184, 78, 62, 22, 16, 137, 139, 128, 0, 93, 84, 73, 1, 104, 89, 69, 1, 139, 123, 97, 0, 26, 22, 12, 0, 0, 0, 0, 0, 86, 88, 82, 0, 83, 88, 95, 0, 78, 91, 113, 0, 40, 51, 62, 2, 23, 24, 7, 6, 88, 72, 33, 0, 125, 82, 4, 62, 252, 185, 36, 246, 238, 157, 17, 244, 107, 85, 9, 60, 138, 134, 100, 0, 80, 72, 68, 3, 79, 71, 61, 1, 152, 148, 126, 0, 24, 23, 16, 0, 0, 0, 0, 0, 82, 85, 76, 0, 80, 86, 87, 0, 81, 92, 107, 0, 7, 9, 26, 8, 76, 64, 56, 2, 94, 69, 25, 16, 181, 134, 4, 178, 255, 200, 13, 255, 242, 166, 0, 255, 165, 127, 0, 168, 106, 91, 34, 14, 123, 111, 112, 0, 72, 75, 81, 1, 110, 123, 111, 0, 20, 25, 22, 0, 0, 0, 0, 0, 85, 88, 83, 0, 87, 95, 95, 0, 52, 61, 67, 4, 19, 16, 24, 10, 81, 59, 38, 0, 125, 87, 2, 82, 243, 195, 32, 247, 255, 210, 28, 255, 255, 206, 21, 255, 234, 204, 40, 237, 115, 84, 7, 75, 143, 127, 111, 0, 85, 89, 99, 2, 62, 78, 83, 3, 16, 24, 24, 0, 0, 0, 0, 0, 95, 101, 103, 0, 87, 93, 96, 0, 7, 12, 14, 10, 60, 50, 38, 0, 126, 95, 43, 24, 196, 142, 6, 190, 255, 204, 20, 255, 211, 160, 15, 252, 200, 154, 16, 248, 254, 214, 30, 255, 176, 126, 0, 177, 139, 115, 68, 20, 84, 81, 87, 0, 8, 21, 42, 6, 2, 5, 12, 1, 0, 0, 0, 0, 75, 81, 93, 0, 53, 60, 70, 3, 28, 30, 31, 9, 90, 80, 38, 0, 144, 109, 7, 90, 251, 199, 32, 247, 249, 184, 13, 255, 107, 75, 5, 251, 97, 68, 3, 248, 244, 185, 22, 255, 229, 189, 33, 237, 120, 83, 0, 78, 106, 87, 77, 0, 39, 29, 70, 3, 0, 0, 5, 2, 0, 0, 0, 0, 78, 91, 109, 0, 36, 44, 58, 8, 35, 31, 30, 0, 136, 118, 52, 28, 191, 149, 7, 191, 255, 207, 21, 255, 225, 165, 4, 252, 95, 79, 48, 254, 98, 85, 54, 253, 227, 173, 23, 245, 255, 215, 38, 255, 158, 113, 0, 172, 131, 101, 67, 12, 84, 63, 96, 0, 0, 0, 8, 3, 0, 0, 0, 0, 90, 120, 130, 3, 61, 74, 80, 7, 153, 139, 126, 0, 114, 76, 1, 97, 223, 179, 26, 249, 255, 228, 31, 255, 238, 190, 18, 250, 97, 96, 31, 255, 99, 95, 31, 255, 231, 176, 5, 246, 255, 212, 10, 255, 214, 167, 14, 233, 99, 71, 0, 79, 144, 134, 116, 0, 52, 52, 52, 0, 27, 31, 33, 1, 86, 115, 123, 5, 60, 69, 61, 0, 180, 155, 113, 28, 189, 140, 39, 190, 249, 191, 28, 255, 255, 195, 2, 251, 236, 192, 18, 253, 91, 102, 23, 254, 92, 99, 17, 255, 231, 180, 3, 252, 255, 207, 4, 246, 242, 198, 15, 255, 165, 132, 7, 177, 150, 135, 79, 18, 50, 48, 34, 0, 20, 25, 29, 3, 22, 35, 46, 4, 144, 144, 118, 0, 107, 82, 0, 99, 248, 202, 63, 241, 251, 186, 31, 255, 244, 177, 0, 250, 235, 193, 28, 255, 82, 95, 21, 254, 81, 92, 20, 254, 228, 183, 19, 255, 250, 190, 0, 246, 250, 194, 17, 253, 241, 196, 39, 238, 105, 68, 0, 88, 65, 54, 25, 0, 8, 11, 11, 0, 15, 11, 5, 0, 130, 116, 54, 26, 200, 171, 22, 195, 255, 214, 54, 255, 245, 177, 26, 252, 250, 186, 11, 252, 245, 201, 27, 255, 128, 128, 11, 255, 127, 118, 6, 254, 238, 183, 18, 255, 251, 195, 13, 252, 236, 177, 3, 247, 250, 203, 21, 255, 198, 167, 18, 189, 78, 63, 2, 19, 1, 0, 0, 0, 115, 96, 52, 0, 112, 86, 0, 97, 232, 197, 23, 250, 254, 202, 29, 253, 252, 178, 27, 253, 251, 185, 11, 255, 243, 194, 7, 255, 200, 175, 18, 254, 191, 155, 10, 254, 248, 177, 7, 255, 255, 193, 19, 255, 237, 187, 10, 247, 227, 196, 0, 249, 240, 219, 17, 252, 117, 98, 4, 91, 52, 31, 0, 0, 167, 140, 46, 17, 185, 147, 18, 189, 248, 198, 17, 255, 253, 189, 18, 250, 255, 178, 28, 252, 250, 185, 6, 254, 246, 197, 12, 253, 116, 83, 0, 252, 114, 70, 0, 253, 235, 162, 14, 254, 254, 185, 22, 255, 245, 187, 13, 251, 243, 191, 0, 245, 246, 196, 4, 255, 195, 152, 11, 188, 97, 59, 1, 11, 138, 100, 0, 118, 235, 189, 33, 240, 251, 192, 20, 255, 245, 171, 7, 254, 255, 181, 25, 255, 251, 185, 2, 255, 247, 195, 19, 255, 116, 77, 3, 255, 103, 55, 1, 255, 252, 186, 51, 255, 251, 189, 28, 255, 251, 191, 15, 255, 252, 184, 8, 251, 254, 179, 7, 255, 244, 181, 23, 239, 154, 98, 1, 113, 233, 176, 17, 230, 251, 191, 20, 250, 244, 177, 1, 251, 248, 178, 4, 251, 255, 186, 15, 251, 254, 187, 4, 251, 249, 190, 10, 251, 233, 177, 27, 251, 231, 170, 29, 251, 255, 189, 25, 251, 252, 186, 9, 251, 250, 185, 3, 251, 252, 183, 1, 250, 255, 183, 3, 252, 255, 191, 16, 250, 251, 188, 17, 228, 255, 189, 6, 205, 255, 190, 10, 228, 253, 188, 8, 232, 255, 186, 7, 227, 255, 185, 7, 228, 254, 187, 6, 229, 253, 187, 4, 228, 255, 192, 7, 228, 255, 194, 7, 228, 254, 186, 0, 228, 254, 185, 0, 230, 251, 183, 0, 230, 250, 183, 0, 227, 250, 183, 0, 233, 249, 182, 1, 228, 253, 185, 3, 204),
"format": "RGBA8",
"height": 16,
"mipmaps": false,
"width": 16
},"script":null)
,"script":null,"metadata/path":"res://addons/fancy_folder_icons/user/15.png")
,
"res://assets/scenes/menus": Object(ImageTexture,"resource_local_to_scene":false,"resource_name":"","image":Object(Image,"resource_local_to_scene":false,"resource_name":"","data":{
"data": PackedByteArray(134, 142, 133, 0, 122, 139, 124, 0, 111, 137, 116, 0, 130, 133, 130, 0, 54, 29, 50, 5, 85, 66, 101, 0, 214, 184, 171, 15, 255, 187, 35, 185, 252, 188, 22, 183, 190, 203, 148, 16, 124, 143, 128, 0, 122, 111, 98, 1, 131, 116, 124, 1, 171, 162, 183, 0, 27, 25, 34, 0, 0, 0, 0, 0, 115, 120, 109, 0, 118, 130, 117, 0, 127, 148, 133, 0, 88, 96, 99, 2, 35, 23, 42, 6, 130, 107, 120, 0, 227, 182, 140, 61, 255, 181, 19, 247, 246, 180, 4, 244, 185, 180, 99, 59, 143, 153, 121, 0, 98, 97, 84, 3, 94, 93, 95, 1, 179, 179, 187, 0, 29, 32, 33, 0, 0, 0, 0, 0, 125, 123, 110, 0, 126, 130, 119, 0, 129, 142, 135, 0, 47, 62, 72, 8, 70, 77, 93, 2, 224, 191, 166, 16, 255, 202, 110, 177, 254, 183, 7, 255, 255, 192, 7, 255, 245, 209, 83, 167, 200, 192, 128, 14, 94, 107, 94, 0, 83, 102, 97, 1, 140, 156, 144, 0, 23, 31, 24, 0, 0, 0, 0, 0, 140, 138, 125, 0, 133, 134, 130, 0, 82, 86, 95, 4, 29, 40, 51, 9, 132, 140, 131, 0, 235, 190, 118, 81, 255, 186, 54, 247, 255, 203, 46, 255, 249, 198, 31, 255, 243, 191, 30, 237, 216, 193, 92, 75, 167, 180, 148, 0, 62, 87, 73, 2, 61, 83, 66, 3, 22, 31, 22, 0, 0, 0, 0, 0, 146, 148, 139, 0, 114, 115, 122, 0, 14, 11, 38, 10, 52, 52, 56, 1, 194, 187, 140, 23, 253, 199, 74, 190, 249, 168, 7, 255, 204, 152, 35, 253, 190, 148, 27, 249, 223, 166, 0, 255, 246, 209, 69, 176, 191, 191, 135, 20, 41, 57, 37, 0, 5, 24, 15, 6, 5, 15, 9, 1, 0, 3, 0, 0, 120, 131, 130, 0, 77, 83, 102, 3, 21, 18, 57, 10, 155, 134, 126, 0, 214, 171, 80, 88, 252, 189, 22, 247, 250, 185, 20, 255, 113, 88, 34, 252, 104, 85, 30, 249, 205, 163, 0, 255, 235, 194, 28, 236, 214, 187, 103, 78, 163, 154, 133, 0, 26, 31, 45, 3, 0, 0, 0, 2, 3, 6, 2, 0, 111, 126, 135, 0, 77, 85, 108, 8, 40, 30, 68, 0, 210, 185, 151, 28, 255, 214, 81, 190, 255, 189, 1, 255, 239, 185, 25, 253, 108, 94, 76, 254, 89, 82, 58, 253, 212, 174, 5, 246, 241, 188, 7, 255, 255, 214, 98, 171, 221, 194, 160, 12, 66, 55, 77, 0, 0, 0, 5, 3, 0, 0, 0, 0, 128, 138, 161, 3, 51, 54, 70, 7, 171, 154, 149, 0, 186, 151, 69, 96, 255, 200, 34, 248, 255, 195, 3, 255, 248, 182, 28, 251, 109, 86, 48, 255, 108, 89, 42, 255, 239, 178, 9, 247, 255, 191, 4, 255, 242, 187, 31, 232, 204, 162, 91, 78, 174, 148, 145, 0, 47, 36, 36, 0, 77, 75, 69, 1, 103, 112, 143, 5, 68, 63, 64, 0, 226, 198, 143, 28, 230, 181, 61, 191, 247, 185, 11, 255, 255, 193, 7, 251, 247, 184, 34, 253, 100, 91, 32, 255, 104, 95, 30, 255, 243, 175, 16, 252, 255, 186, 3, 246, 243, 181, 11, 255, 220, 170, 61, 178, 202, 175, 128, 18, 75, 67, 57, 0, 78, 81, 87, 2, 17, 28, 56, 4, 198, 188, 165, 0, 232, 194, 85, 99, 255, 194, 49, 241, 253, 176, 15, 255, 255, 191, 14, 250, 236, 192, 39, 255, 70, 97, 20, 255, 78, 98, 26, 255, 233, 176, 36, 255, 255, 182, 19, 246, 247, 177, 20, 253, 235, 184, 43, 238, 212, 193, 91, 88, 133, 135, 116, 0, 1, 13, 46, 0, 93, 93, 102, 0, 209, 187, 133, 26, 247, 200, 50, 195, 255, 188, 21, 255, 255, 172, 17, 252, 255, 187, 18, 252, 236, 191, 30, 255, 126, 122, 19, 255, 132, 117, 18, 255, 243, 177, 30, 255, 255, 186, 22, 252, 248, 179, 16, 246, 243, 188, 22, 255, 238, 203, 65, 191, 145, 137, 102, 19, 69, 78, 107, 0, 198, 179, 151, 0, 227, 193, 103, 97, 248, 187, 9, 250, 255, 176, 0, 253, 255, 174, 19, 254, 255, 184, 18, 255, 244, 187, 19, 255, 216, 158, 28, 255, 214, 142, 18, 255, 255, 169, 6, 255, 255, 186, 10, 255, 250, 186, 13, 246, 251, 187, 7, 249, 249, 189, 34, 252, 228, 203, 141, 90, 135, 133, 129, 0, 218, 172, 98, 17, 246, 196, 75, 190, 255, 199, 13, 255, 255, 183, 2, 250, 255, 176, 17, 252, 254, 179, 9, 255, 253, 188, 26, 254, 127, 70, 0, 254, 129, 62, 0, 254, 242, 155, 18, 254, 255, 183, 28, 255, 254, 186, 25, 251, 255, 181, 5, 245, 254, 182, 16, 255, 245, 202, 100, 189, 167, 142, 80, 10, 249, 189, 71, 116, 242, 179, 34, 241, 242, 181, 1, 255, 249, 181, 4, 254, 255, 181, 13, 255, 255, 180, 2, 255, 255, 188, 27, 255, 116, 72, 3, 255, 104, 55, 2, 255, 253, 178, 61, 255, 254, 187, 46, 255, 255, 184, 29, 255, 255, 181, 8, 251, 255, 182, 11, 255, 241, 184, 44, 241, 236, 188, 68, 111, 254, 186, 24, 231, 242, 174, 3, 250, 243, 176, 0, 251, 251, 182, 1, 251, 255, 183, 5, 251, 255, 184, 2, 251, 253, 185, 10, 251, 233, 176, 27, 251, 229, 172, 31, 251, 255, 188, 30, 251, 255, 185, 18, 251, 255, 185, 12, 251, 253, 184, 4, 250, 251, 183, 2, 251, 248, 184, 14, 250, 248, 186, 23, 230, 246, 175, 0, 207, 248, 178, 0, 229, 253, 183, 0, 233, 254, 184, 0, 228, 254, 184, 0, 229, 254, 186, 2, 229, 254, 186, 1, 229, 255, 193, 7, 229, 255, 195, 8, 229, 252, 190, 2, 229, 252, 188, 2, 230, 252, 186, 1, 230, 250, 184, 0, 227, 249, 184, 0, 233, 251, 183, 0, 229, 251, 183, 0, 206),
"format": "RGBA8",
"height": 16,
"mipmaps": false,
"width": 16
},"script":null)
,"script":null,"metadata/path":"res://addons/fancy_folder_icons/user/16.png")
,
"res://assets/scenes/menus/credits": Object(ImageTexture,"resource_local_to_scene":false,"resource_name":"","image":Object(Image,"resource_local_to_scene":false,"resource_name":"","data":{
"data": PackedByteArray(134, 142, 133, 0, 122, 139, 124, 0, 111, 137, 116, 0, 130, 133, 130, 0, 54, 29, 50, 5, 85, 66, 101, 0, 214, 184, 171, 15, 255, 187, 35, 185, 252, 188, 22, 183, 190, 203, 148, 16, 124, 143, 128, 0, 122, 111, 98, 1, 131, 116, 124, 1, 171, 162, 183, 0, 27, 25, 34, 0, 0, 0, 0, 0, 115, 120, 109, 0, 118, 130, 117, 0, 127, 148, 133, 0, 88, 96, 99, 2, 35, 23, 42, 6, 130, 107, 120, 0, 227, 182, 140, 61, 255, 181, 19, 247, 246, 180, 4, 244, 185, 180, 99, 59, 143, 153, 121, 0, 98, 97, 84, 3, 94, 93, 95, 1, 179, 179, 187, 0, 29, 32, 33, 0, 0, 0, 0, 0, 125, 123, 110, 0, 126, 130, 119, 0, 129, 142, 135, 0, 47, 62, 72, 8, 70, 77, 93, 2, 224, 191, 166, 16, 255, 202, 110, 177, 254, 183, 7, 255, 255, 192, 7, 255, 245, 209, 83, 167, 200, 192, 128, 14, 94, 107, 94, 0, 83, 102, 97, 1, 140, 156, 144, 0, 23, 31, 24, 0, 0, 0, 0, 0, 140, 138, 125, 0, 133, 134, 130, 0, 82, 86, 95, 4, 29, 40, 51, 9, 132, 140, 131, 0, 235, 190, 118, 81, 255, 186, 54, 247, 255, 203, 46, 255, 249, 198, 31, 255, 243, 191, 30, 237, 216, 193, 92, 75, 167, 180, 148, 0, 62, 87, 73, 2, 61, 83, 66, 3, 22, 31, 22, 0, 0, 0, 0, 0, 146, 148, 139, 0, 114, 115, 122, 0, 14, 11, 38, 10, 52, 52, 56, 1, 194, 187, 140, 23, 253, 199, 74, 190, 249, 168, 7, 255, 204, 152, 35, 253, 190, 148, 27, 249, 223, 166, 0, 255, 246, 209, 69, 176, 191, 191, 135, 20, 41, 57, 37, 0, 5, 24, 15, 6, 5, 15, 9, 1, 0, 3, 0, 0, 120, 131, 130, 0, 77, 83, 102, 3, 21, 18, 57, 10, 155, 134, 126, 0, 214, 171, 80, 88, 252, 189, 22, 247, 250, 185, 20, 255, 113, 88, 34, 252, 104, 85, 30, 249, 205, 163, 0, 255, 235, 194, 28, 236, 214, 187, 103, 78, 163, 154, 133, 0, 26, 31, 45, 3, 0, 0, 0, 2, 3, 6, 2, 0, 111, 126, 135, 0, 77, 85, 108, 8, 40, 30, 68, 0, 210, 185, 151, 28, 255, 214, 81, 190, 255, 189, 1, 255, 239, 185, 25, 253, 108, 94, 76, 254, 89, 82, 58, 253, 212, 174, 5, 246, 241, 188, 7, 255, 255, 214, 98, 171, 221, 194, 160, 12, 66, 55, 77, 0, 0, 0, 5, 3, 0, 0, 0, 0, 128, 138, 161, 3, 51, 54, 70, 7, 171, 154, 149, 0, 186, 151, 69, 96, 255, 200, 34, 248, 255, 195, 3, 255, 248, 182, 28, 251, 109, 86, 48, 255, 108, 89, 42, 255, 239, 178, 9, 247, 255, 191, 4, 255, 242, 187, 31, 232, 204, 162, 91, 78, 174, 148, 145, 0, 47, 36, 36, 0, 77, 75, 69, 1, 103, 112, 143, 5, 68, 63, 64, 0, 226, 198, 143, 28, 230, 181, 61, 191, 247, 185, 11, 255, 255, 193, 7, 251, 247, 184, 34, 253, 100, 91, 32, 255, 104, 95, 30, 255, 243, 175, 16, 252, 255, 186, 3, 246, 243, 181, 11, 255, 220, 170, 61, 178, 202, 175, 128, 18, 75, 67, 57, 0, 78, 81, 87, 2, 17, 28, 56, 4, 198, 188, 165, 0, 232, 194, 85, 99, 255, 194, 49, 241, 253, 176, 15, 255, 255, 191, 14, 250, 236, 192, 39, 255, 70, 97, 20, 255, 78, 98, 26, 255, 233, 176, 36, 255, 255, 182, 19, 246, 247, 177, 20, 253, 235, 184, 43, 238, 212, 193, 91, 88, 133, 135, 116, 0, 1, 13, 46, 0, 93, 93, 102, 0, 209, 187, 133, 26, 247, 200, 50, 195, 255, 188, 21, 255, 255, 172, 17, 252, 255, 187, 18, 252, 236, 191, 30, 255, 126, 122, 19, 255, 132, 117, 18, 255, 243, 177, 30, 255, 255, 186, 22, 252, 248, 179, 16, 246, 243, 188, 22, 255, 238, 203, 65, 191, 145, 137, 102, 19, 69, 78, 107, 0, 198, 179, 151, 0, 227, 193, 103, 97, 248, 187, 9, 250, 255, 176, 0, 253, 255, 174, 19, 254, 255, 184, 18, 255, 244, 187, 19, 255, 216, 158, 28, 255, 214, 142, 18, 255, 255, 169, 6, 255, 255, 186, 10, 255, 250, 186, 13, 246, 251, 187, 7, 249, 249, 189, 34, 252, 228, 203, 141, 90, 135, 133, 129, 0, 218, 172, 98, 17, 246, 196, 75, 190, 255, 199, 13, 255, 255, 183, 2, 250, 255, 176, 17, 252, 254, 179, 9, 255, 253, 188, 26, 254, 127, 70, 0, 254, 129, 62, 0, 254, 242, 155, 18, 254, 255, 183, 28, 255, 254, 186, 25, 251, 255, 181, 5, 245, 254, 182, 16, 255, 245, 202, 100, 189, 167, 142, 80, 10, 249, 189, 71, 116, 242, 179, 34, 241, 242, 181, 1, 255, 249, 181, 4, 254, 255, 181, 13, 255, 255, 180, 2, 255, 255, 188, 27, 255, 116, 72, 3, 255, 104, 55, 2, 255, 253, 178, 61, 255, 254, 187, 46, 255, 255, 184, 29, 255, 255, 181, 8, 251, 255, 182, 11, 255, 241, 184, 44, 241, 236, 188, 68, 111, 254, 186, 24, 231, 242, 174, 3, 250, 243, 176, 0, 251, 251, 182, 1, 251, 255, 183, 5, 251, 255, 184, 2, 251, 253, 185, 10, 251, 233, 176, 27, 251, 229, 172, 31, 251, 255, 188, 30, 251, 255, 185, 18, 251, 255, 185, 12, 251, 253, 184, 4, 250, 251, 183, 2, 251, 248, 184, 14, 250, 248, 186, 23, 230, 246, 175, 0, 207, 248, 178, 0, 229, 253, 183, 0, 233, 254, 184, 0, 228, 254, 184, 0, 229, 254, 186, 2, 229, 254, 186, 1, 229, 255, 193, 7, 229, 255, 195, 8, 229, 252, 190, 2, 229, 252, 188, 2, 230, 252, 186, 1, 230, 250, 184, 0, 227, 249, 184, 0, 233, 251, 183, 0, 229, 251, 183, 0, 206),
"format": "RGBA8",
"height": 16,
"mipmaps": false,
"width": 16
},"script":null)
,"script":null,"metadata/path":"res://addons/fancy_folder_icons/user/17.png")
,
"res://assets/scenes/menus/options_menu": Object(ImageTexture,"resource_local_to_scene":false,"resource_name":"","image":Object(Image,"resource_local_to_scene":false,"resource_name":"","data":{
"data": PackedByteArray(134, 142, 133, 0, 122, 139, 124, 0, 111, 137, 116, 0, 130, 133, 130, 0, 54, 29, 50, 5, 85, 66, 101, 0, 214, 184, 171, 15, 255, 187, 35, 185, 252, 188, 22, 183, 190, 203, 148, 16, 124, 143, 128, 0, 122, 111, 98, 1, 131, 116, 124, 1, 171, 162, 183, 0, 27, 25, 34, 0, 0, 0, 0, 0, 115, 120, 109, 0, 118, 130, 117, 0, 127, 148, 133, 0, 88, 96, 99, 2, 35, 23, 42, 6, 130, 107, 120, 0, 227, 182, 140, 61, 255, 181, 19, 247, 246, 180, 4, 244, 185, 180, 99, 59, 143, 153, 121, 0, 98, 97, 84, 3, 94, 93, 95, 1, 179, 179, 187, 0, 29, 32, 33, 0, 0, 0, 0, 0, 125, 123, 110, 0, 126, 130, 119, 0, 129, 142, 135, 0, 47, 62, 72, 8, 70, 77, 93, 2, 224, 191, 166, 16, 255, 202, 110, 177, 254, 183, 7, 255, 255, 192, 7, 255, 245, 209, 83, 167, 200, 192, 128, 14, 94, 107, 94, 0, 83, 102, 97, 1, 140, 156, 144, 0, 23, 31, 24, 0, 0, 0, 0, 0, 140, 138, 125, 0, 133, 134, 130, 0, 82, 86, 95, 4, 29, 40, 51, 9, 132, 140, 131, 0, 235, 190, 118, 81, 255, 186, 54, 247, 255, 203, 46, 255, 249, 198, 31, 255, 243, 191, 30, 237, 216, 193, 92, 75, 167, 180, 148, 0, 62, 87, 73, 2, 61, 83, 66, 3, 22, 31, 22, 0, 0, 0, 0, 0, 146, 148, 139, 0, 114, 115, 122, 0, 14, 11, 38, 10, 52, 52, 56, 1, 194, 187, 140, 23, 253, 199, 74, 190, 249, 168, 7, 255, 204, 152, 35, 253, 190, 148, 27, 249, 223, 166, 0, 255, 246, 209, 69, 176, 191, 191, 135, 20, 41, 57, 37, 0, 5, 24, 15, 6, 5, 15, 9, 1, 0, 3, 0, 0, 120, 131, 130, 0, 77, 83, 102, 3, 21, 18, 57, 10, 155, 134, 126, 0, 214, 171, 80, 88, 252, 189, 22, 247, 250, 185, 20, 255, 113, 88, 34, 252, 104, 85, 30, 249, 205, 163, 0, 255, 235, 194, 28, 236, 214, 187, 103, 78, 163, 154, 133, 0, 26, 31, 45, 3, 0, 0, 0, 2, 3, 6, 2, 0, 111, 126, 135, 0, 77, 85, 108, 8, 40, 30, 68, 0, 210, 185, 151, 28, 255, 214, 81, 190, 255, 189, 1, 255, 239, 185, 25, 253, 108, 94, 76, 254, 89, 82, 58, 253, 212, 174, 5, 246, 241, 188, 7, 255, 255, 214, 98, 171, 221, 194, 160, 12, 66, 55, 77, 0, 0, 0, 5, 3, 0, 0, 0, 0, 128, 138, 161, 3, 51, 54, 70, 7, 171, 154, 149, 0, 186, 151, 69, 96, 255, 200, 34, 248, 255, 195, 3, 255, 248, 182, 28, 251, 109, 86, 48, 255, 108, 89, 42, 255, 239, 178, 9, 247, 255, 191, 4, 255, 242, 187, 31, 232, 204, 162, 91, 78, 174, 148, 145, 0, 47, 36, 36, 0, 77, 75, 69, 1, 103, 112, 143, 5, 68, 63, 64, 0, 226, 198, 143, 28, 230, 181, 61, 191, 247, 185, 11, 255, 255, 193, 7, 251, 247, 184, 34, 253, 100, 91, 32, 255, 104, 95, 30, 255, 243, 175, 16, 252, 255, 186, 3, 246, 243, 181, 11, 255, 220, 170, 61, 178, 202, 175, 128, 18, 75, 67, 57, 0, 78, 81, 87, 2, 17, 28, 56, 4, 198, 188, 165, 0, 232, 194, 85, 99, 255, 194, 49, 241, 253, 176, 15, 255, 255, 191, 14, 250, 236, 192, 39, 255, 70, 97, 20, 255, 78, 98, 26, 255, 233, 176, 36, 255, 255, 182, 19, 246, 247, 177, 20, 253, 235, 184, 43, 238, 212, 193, 91, 88, 133, 135, 116, 0, 1, 13, 46, 0, 93, 93, 102, 0, 209, 187, 133, 26, 247, 200, 50, 195, 255, 188, 21, 255, 255, 172, 17, 252, 255, 187, 18, 252, 236, 191, 30, 255, 126, 122, 19, 255, 132, 117, 18, 255, 243, 177, 30, 255, 255, 186, 22, 252, 248, 179, 16, 246, 243, 188, 22, 255, 238, 203, 65, 191, 145, 137, 102, 19, 69, 78, 107, 0, 198, 179, 151, 0, 227, 193, 103, 97, 248, 187, 9, 250, 255, 176, 0, 253, 255, 174, 19, 254, 255, 184, 18, 255, 244, 187, 19, 255, 216, 158, 28, 255, 214, 142, 18, 255, 255, 169, 6, 255, 255, 186, 10, 255, 250, 186, 13, 246, 251, 187, 7, 249, 249, 189, 34, 252, 228, 203, 141, 90, 135, 133, 129, 0, 218, 172, 98, 17, 246, 196, 75, 190, 255, 199, 13, 255, 255, 183, 2, 250, 255, 176, 17, 252, 254, 179, 9, 255, 253, 188, 26, 254, 127, 70, 0, 254, 129, 62, 0, 254, 242, 155, 18, 254, 255, 183, 28, 255, 254, 186, 25, 251, 255, 181, 5, 245, 254, 182, 16, 255, 245, 202, 100, 189, 167, 142, 80, 10, 249, 189, 71, 116, 242, 179, 34, 241, 242, 181, 1, 255, 249, 181, 4, 254, 255, 181, 13, 255, 255, 180, 2, 255, 255, 188, 27, 255, 116, 72, 3, 255, 104, 55, 2, 255, 253, 178, 61, 255, 254, 187, 46, 255, 255, 184, 29, 255, 255, 181, 8, 251, 255, 182, 11, 255, 241, 184, 44, 241, 236, 188, 68, 111, 254, 186, 24, 231, 242, 174, 3, 250, 243, 176, 0, 251, 251, 182, 1, 251, 255, 183, 5, 251, 255, 184, 2, 251, 253, 185, 10, 251, 233, 176, 27, 251, 229, 172, 31, 251, 255, 188, 30, 251, 255, 185, 18, 251, 255, 185, 12, 251, 253, 184, 4, 250, 251, 183, 2, 251, 248, 184, 14, 250, 248, 186, 23, 230, 246, 175, 0, 207, 248, 178, 0, 229, 253, 183, 0, 233, 254, 184, 0, 228, 254, 184, 0, 229, 254, 186, 2, 229, 254, 186, 1, 229, 255, 193, 7, 229, 255, 195, 8, 229, 252, 190, 2, 229, 252, 188, 2, 230, 252, 186, 1, 230, 250, 184, 0, 227, 249, 184, 0, 233, 251, 183, 0, 229, 251, 183, 0, 206),
"format": "RGBA8",
"height": 16,
"mipmaps": false,
"width": 16
},"script":null)
,"script":null,"metadata/path":"res://addons/fancy_folder_icons/user/18.png")
,
"res://assets/scenes/my_maps": Object(ImageTexture,"resource_local_to_scene":false,"resource_name":"","image":Object(Image,"resource_local_to_scene":false,"resource_name":"","data":{
"data": PackedByteArray(86, 103, 100, 1, 0, 26, 7, 6, 18, 86, 40, 0, 42, 173, 111, 2, 33, 172, 100, 60, 25, 175, 99, 160, 23, 174, 101, 225, 25, 166, 109, 244, 20, 163, 97, 240, 12, 164, 68, 215, 12, 162, 73, 148, 41, 176, 110, 48, 55, 188, 117, 0, 17, 77, 33, 0, 0, 9, 0, 5, 57, 65, 73, 1, 0, 25, 3, 6, 42, 113, 74, 2, 61, 180, 124, 23, 42, 169, 107, 130, 44, 170, 106, 230, 33, 177, 104, 246, 29, 178, 104, 247, 35, 161, 98, 252, 34, 161, 92, 252, 26, 176, 86, 245, 28, 172, 84, 238, 27, 153, 79, 215, 40, 162, 92, 117, 70, 183, 122, 14, 15, 72, 43, 0, 0, 0, 0, 2, 22, 83, 28, 0, 68, 179, 109, 22, 49, 194, 120, 164, 40, 171, 108, 254, 54, 162, 108, 255, 43, 171, 105, 255, 35, 169, 94, 255, 75, 169, 95, 255, 70, 169, 91, 255, 27, 171, 89, 255, 21, 161, 75, 254, 54, 164, 79, 255, 38, 158, 82, 252, 43, 171, 108, 155, 28, 129, 82, 15, 1, 50, 17, 0, 66, 179, 88, 2, 46, 174, 89, 130, 19, 171, 94, 254, 12, 163, 94, 253, 31, 164, 96, 249, 53, 151, 82, 253, 96, 162, 83, 254, 166, 210, 114, 255, 109, 185, 90, 255, 14, 162, 79, 254, 2, 153, 72, 253, 28, 161, 75, 248, 11, 148, 63, 253, 17, 157, 79, 255, 26, 151, 83, 124, 16, 133, 72, 0, 53, 174, 80, 60, 38, 171, 86, 232, 21, 169, 99, 255, 11, 176, 102, 249, 14, 168, 84, 252, 95, 150, 69, 255, 200, 184, 97, 254, 222, 212, 99, 255, 114, 161, 51, 255, 20, 154, 67, 254, 1, 157, 76, 255, 3, 154, 72, 252, 14, 165, 76, 246, 10, 160, 70, 255, 13, 153, 73, 230, 21, 155, 83, 53, 28, 156, 76, 160, 30, 162, 91, 246, 39, 176, 120, 255, 36, 173, 108, 253, 53, 162, 79, 255, 169, 181, 81, 255, 255, 198, 92, 255, 216, 173, 77, 255, 138, 138, 43, 255, 91, 150, 46, 255, 74, 164, 69, 255, 34, 140, 63, 255, 16, 146, 74, 250, 17, 159, 88, 253, 17, 153, 86, 246, 16, 148, 83, 156, 39, 171, 97, 225, 33, 164, 102, 247, 33, 160, 113, 255, 40, 145, 92, 254, 98, 161, 84, 254, 228, 215, 101, 255, 255, 199, 73, 255, 236, 180, 85, 255, 231, 193, 99, 255, 218, 200, 78, 255, 177, 191, 80, 255, 97, 153, 71, 255, 34, 142, 79, 254, 10, 150, 95, 255, 13, 146, 88, 247, 16, 142, 82, 223, 25, 168, 75, 244, 29, 166, 91, 252, 29, 153, 104, 255, 61, 150, 101, 255, 145, 186, 117, 255, 234, 223, 115, 255, 244, 200, 66, 255, 236, 194, 62, 255, 244, 198, 68, 255, 254, 199, 67, 255, 228, 201, 82, 255, 144, 171, 72, 255, 41, 148, 68, 254, 0, 153, 85, 255, 6, 148, 83, 252, 17, 141, 76, 244, 24, 165, 69, 240, 24, 165, 83, 252, 26, 159, 97, 255, 69, 151, 94, 255, 164, 182, 111, 255, 234, 221, 107, 255, 237, 204, 59, 255, 237, 194, 49, 255, 247, 190, 48, 255, 255, 188, 51, 255, 219, 185, 66, 255, 121, 154, 61, 255, 30, 141, 63, 254, 0, 149, 77, 255, 7, 148, 79, 252, 14, 141, 73, 240, 29, 159, 77, 215, 23, 166, 86, 245, 15, 164, 87, 255, 72, 154, 79, 254, 180, 179, 94, 254, 244, 223, 93, 255, 240, 208, 53, 255, 246, 192, 56, 255, 255, 187, 59, 255, 255, 194, 57, 255, 197, 187, 78, 255, 71, 143, 75, 254, 15, 133, 77, 254, 6, 144, 83, 255, 8, 146, 78, 245, 6, 141, 70, 214, 34, 166, 94, 147, 24, 164, 89, 238, 26, 168, 86, 254, 58, 151, 64, 253, 149, 178, 79, 255, 218, 222, 90, 255, 218, 204, 57, 255, 222, 184, 67, 255, 229, 180, 70, 255, 231, 191, 68, 255, 156, 180, 85, 255, 28, 130, 78, 255, 7, 134, 83, 250, 22, 148, 83, 253, 9, 138, 70, 238, 0, 131, 61, 144, 48, 182, 115, 47, 17, 153, 80, 215, 32, 165, 85, 255, 26, 140, 48, 248, 64, 148, 42, 252, 131, 181, 59, 255, 151, 172, 51, 255, 149, 156, 59, 255, 151, 153, 63, 255, 153, 160, 63, 254, 93, 152, 76, 255, 3, 128, 81, 251, 2, 138, 80, 244, 20, 145, 69, 255, 3, 126, 54, 214, 8, 128, 62, 41, 68, 194, 130, 0, 40, 177, 105, 115, 4, 159, 74, 252, 14, 157, 69, 254, 29, 150, 63, 246, 33, 139, 48, 250, 48, 142, 55, 254, 54, 136, 60, 254, 57, 130, 63, 254, 58, 130, 67, 254, 42, 138, 82, 250, 16, 146, 91, 244, 1, 147, 61, 253, 1, 142, 38, 253, 16, 137, 58, 109, 24, 138, 75, 0, 25, 86, 42, 0, 64, 186, 123, 14, 21, 186, 103, 155, 0, 157, 76, 255, 8, 145, 74, 255, 1, 146, 79, 253, 0, 141, 78, 255, 0, 134, 73, 255, 4, 128, 74, 255, 8, 123, 82, 255, 6, 124, 77, 253, 5, 132, 67, 255, 0, 141, 40, 253, 2, 142, 29, 146, 31, 138, 63, 6, 8, 56, 21, 0, 0, 4, 0, 4, 10, 77, 45, 0, 25, 146, 84, 15, 23, 163, 89, 123, 5, 149, 73, 230, 10, 149, 83, 246, 8, 140, 81, 247, 6, 135, 75, 252, 11, 133, 75, 252, 15, 131, 79, 245, 11, 129, 73, 238, 4, 127, 60, 214, 23, 139, 63, 109, 46, 142, 71, 6, 13, 50, 19, 0, 0, 0, 0, 2, 57, 57, 61, 1, 0, 1, 0, 2, 2, 52, 18, 0, 15, 148, 74, 0, 14, 160, 79, 53, 16, 147, 78, 156, 18, 135, 75, 223, 16, 132, 71, 244, 17, 133, 69, 240, 20, 133, 69, 214, 14, 132, 67, 144, 7, 128, 62, 41, 21, 125, 65, 0, 13, 56, 21, 0, 0, 1, 0, 2, 9, 0, 15, 1),
"format": "RGBA8",
"height": 16,
"mipmaps": false,
"width": 16
},"script":null)
,"script":null,"metadata/path":"res://addons/fancy_folder_icons/user/19.png")
,
"res://assets/scripts": Object(ImageTexture,"resource_local_to_scene":false,"resource_name":"","image":Object(Image,"resource_local_to_scene":false,"resource_name":"","data":{
"data": PackedByteArray(86, 103, 100, 1, 0, 26, 7, 6, 18, 86, 40, 0, 42, 173, 111, 2, 33, 172, 100, 60, 25, 175, 99, 160, 23, 174, 101, 225, 25, 166, 109, 244, 20, 163, 97, 240, 12, 164, 68, 215, 12, 162, 73, 148, 41, 176, 110, 48, 55, 188, 117, 0, 17, 77, 33, 0, 0, 9, 0, 5, 57, 65, 73, 1, 0, 25, 3, 6, 42, 113, 74, 2, 61, 180, 124, 23, 42, 169, 107, 130, 44, 170, 106, 230, 33, 177, 104, 246, 29, 178, 104, 247, 35, 161, 98, 252, 34, 161, 92, 252, 26, 176, 86, 245, 28, 172, 84, 238, 27, 153, 79, 215, 40, 162, 92, 117, 70, 183, 122, 14, 15, 72, 43, 0, 0, 0, 0, 2, 22, 83, 28, 0, 68, 179, 109, 22, 49, 194, 120, 164, 40, 171, 108, 254, 54, 162, 108, 255, 43, 171, 105, 255, 35, 169, 94, 255, 75, 169, 95, 255, 70, 169, 91, 255, 27, 171, 89, 255, 21, 161, 75, 254, 54, 164, 79, 255, 38, 158, 82, 252, 43, 171, 108, 155, 28, 129, 82, 15, 1, 50, 17, 0, 66, 179, 88, 2, 46, 174, 89, 130, 19, 171, 94, 254, 12, 163, 94, 253, 31, 164, 96, 249, 53, 151, 82, 253, 96, 162, 83, 254, 166, 210, 114, 255, 109, 185, 90, 255, 14, 162, 79, 254, 2, 153, 72, 253, 28, 161, 75, 248, 11, 148, 63, 253, 17, 157, 79, 255, 26, 151, 83, 124, 16, 133, 72, 0, 53, 174, 80, 60, 38, 171, 86, 232, 21, 169, 99, 255, 11, 176, 102, 249, 14, 168, 84, 252, 95, 150, 69, 255, 200, 184, 97, 254, 222, 212, 99, 255, 114, 161, 51, 255, 20, 154, 67, 254, 1, 157, 76, 255, 3, 154, 72, 252, 14, 165, 76, 246, 10, 160, 70, 255, 13, 153, 73, 230, 21, 155, 83, 53, 28, 156, 76, 160, 30, 162, 91, 246, 39, 176, 120, 255, 36, 173, 108, 253, 53, 162, 79, 255, 169, 181, 81, 255, 255, 198, 92, 255, 216, 173, 77, 255, 138, 138, 43, 255, 91, 150, 46, 255, 74, 164, 69, 255, 34, 140, 63, 255, 16, 146, 74, 250, 17, 159, 88, 253, 17, 153, 86, 246, 16, 148, 83, 156, 39, 171, 97, 225, 33, 164, 102, 247, 33, 160, 113, 255, 40, 145, 92, 254, 98, 161, 84, 254, 228, 215, 101, 255, 255, 199, 73, 255, 236, 180, 85, 255, 231, 193, 99, 255, 218, 200, 78, 255, 177, 191, 80, 255, 97, 153, 71, 255, 34, 142, 79, 254, 10, 150, 95, 255, 13, 146, 88, 247, 16, 142, 82, 223, 25, 168, 75, 244, 29, 166, 91, 252, 29, 153, 104, 255, 61, 150, 101, 255, 145, 186, 117, 255, 234, 223, 115, 255, 244, 200, 66, 255, 236, 194, 62, 255, 244, 198, 68, 255, 254, 199, 67, 255, 228, 201, 82, 255, 144, 171, 72, 255, 41, 148, 68, 254, 0, 153, 85, 255, 6, 148, 83, 252, 17, 141, 76, 244, 24, 165, 69, 240, 24, 165, 83, 252, 26, 159, 97, 255, 69, 151, 94, 255, 164, 182, 111, 255, 234, 221, 107, 255, 237, 204, 59, 255, 237, 194, 49, 255, 247, 190, 48, 255, 255, 188, 51, 255, 219, 185, 66, 255, 121, 154, 61, 255, 30, 141, 63, 254, 0, 149, 77, 255, 7, 148, 79, 252, 14, 141, 73, 240, 29, 159, 77, 215, 23, 166, 86, 245, 15, 164, 87, 255, 72, 154, 79, 254, 180, 179, 94, 254, 244, 223, 93, 255, 240, 208, 53, 255, 246, 192, 56, 255, 255, 187, 59, 255, 255, 194, 57, 255, 197, 187, 78, 255, 71, 143, 75, 254, 15, 133, 77, 254, 6, 144, 83, 255, 8, 146, 78, 245, 6, 141, 70, 214, 34, 166, 94, 147, 24, 164, 89, 238, 26, 168, 86, 254, 58, 151, 64, 253, 149, 178, 79, 255, 218, 222, 90, 255, 218, 204, 57, 255, 222, 184, 67, 255, 229, 180, 70, 255, 231, 191, 68, 255, 156, 180, 85, 255, 28, 130, 78, 255, 7, 134, 83, 250, 22, 148, 83, 253, 9, 138, 70, 238, 0, 131, 61, 144, 48, 182, 115, 47, 17, 153, 80, 215, 32, 165, 85, 255, 26, 140, 48, 248, 64, 148, 42, 252, 131, 181, 59, 255, 151, 172, 51, 255, 149, 156, 59, 255, 151, 153, 63, 255, 153, 160, 63, 254, 93, 152, 76, 255, 3, 128, 81, 251, 2, 138, 80, 244, 20, 145, 69, 255, 3, 126, 54, 214, 8, 128, 62, 41, 68, 194, 130, 0, 40, 177, 105, 115, 4, 159, 74, 252, 14, 157, 69, 254, 29, 150, 63, 246, 33, 139, 48, 250, 48, 142, 55, 254, 54, 136, 60, 254, 57, 130, 63, 254, 58, 130, 67, 254, 42, 138, 82, 250, 16, 146, 91, 244, 1, 147, 61, 253, 1, 142, 38, 253, 16, 137, 58, 109, 24, 138, 75, 0, 25, 86, 42, 0, 64, 186, 123, 14, 21, 186, 103, 155, 0, 157, 76, 255, 8, 145, 74, 255, 1, 146, 79, 253, 0, 141, 78, 255, 0, 134, 73, 255, 4, 128, 74, 255, 8, 123, 82, 255, 6, 124, 77, 253, 5, 132, 67, 255, 0, 141, 40, 253, 2, 142, 29, 146, 31, 138, 63, 6, 8, 56, 21, 0, 0, 4, 0, 4, 10, 77, 45, 0, 25, 146, 84, 15, 23, 163, 89, 123, 5, 149, 73, 230, 10, 149, 83, 246, 8, 140, 81, 247, 6, 135, 75, 252, 11, 133, 75, 252, 15, 131, 79, 245, 11, 129, 73, 238, 4, 127, 60, 214, 23, 139, 63, 109, 46, 142, 71, 6, 13, 50, 19, 0, 0, 0, 0, 2, 57, 57, 61, 1, 0, 1, 0, 2, 2, 52, 18, 0, 15, 148, 74, 0, 14, 160, 79, 53, 16, 147, 78, 156, 18, 135, 75, 223, 16, 132, 71, 244, 17, 133, 69, 240, 20, 133, 69, 214, 14, 132, 67, 144, 7, 128, 62, 41, 21, 125, 65, 0, 13, 56, 21, 0, 0, 1, 0, 2, 9, 0, 15, 1),
"format": "RGBA8",
"height": 16,
"mipmaps": false,
"width": 16
},"script":null)
,"script":null,"metadata/path":"res://addons/fancy_folder_icons/user/scripts1.png")

}
